# Migration is number of nodes that have changed color.

Round		Edge-Cut		Swaps		Migrations		Skipped
0		8138		3806		3043
1		6876		6522		3079
2		6075		8596		3126
3		5519		10251		3206
4		5047		11657		3204
5		4639		12819		3189
6		4404		13765		3222
7		4145		14668		3226
8		3965		15417		3218
9		3765		16092		3234
10		3607		16659		3230
11		3506		17179		3235
12		3391		17657		3219
13		3282		18070		3231
14		3215		18526		3237
15		3132		18877		3229
16		3066		19209		3236
17		3022		19519		3227
18		2969		19805		3240
19		2904		20103		3242
20		2854		20338		3253
21		2813		20548		3251
22		2783		20745		3250
23		2752		20953		3257
24		2719		21135		3267
25		2710		21329		3271
26		2686		21503		3272
27		2676		21642		3272
28		2656		21821		3275
29		2654		21974		3275
30		2611		22122		3272
31		2597		22262		3271
32		2566		22396		3286
33		2569		22539		3288
34		2520		22708		3286
35		2507		22840		3298
36		2494		22976		3292
37		2471		23115		3304
38		2435		23244		3305
39		2428		23347		3307
40		2423		23469		3313
41		2399		23577		3310
42		2386		23698		3317
43		2357		23831		3310
44		2339		23903		3305
45		2316		23990		3311
46		2313		24085		3306
47		2308		24196		3311
48		2300		24291		3300
49		2280		24400		3306
50		2275		24494		3305
51		2262		24595		3303
52		2252		24680		3300
53		2253		24774		3309
54		2239		24857		3305
55		2224		24933		3313
56		2215		25013		3312
57		2209		25067		3318
58		2208		25140		3321
59		2194		25208		3315
60		2197		25276		3315
61		2195		25377		3314
62		2193		25470		3312
63		2193		25568		3310
64		2187		25669		3310
65		2168		25744		3312
66		2157		25830		3312
67		2153		25912		3308
68		2148		25985		3318
69		2147		26050		3317
70		2113		26110		3308
71		2102		26146		3311
72		2099		26182		3306
73		2097		26261		3305
74		2100		26309		3311
75		2099		26363		3309
76		2104		26442		3316
77		2095		26503		3325
78		2088		26554		3321
79		2089		26617		3319
80		2079		26695		3328
81		2071		26777		3331
82		2065		26843		3333
83		2061		26927		3322
84		2048		26989		3324
85		2045		27061		3317
86		2042		27149		3317
87		2037		27211		3322
88		2036		27277		3317
89		2012		27336		3321
90		2004		27383		3326
91		1997		27431		3328
92		1995		27481		3324
93		1982		27534		3324
94		1980		27566		3323
95		1985		27593		3322
96		1982		27623		3319
97		1982		27651		3316
98		1981		27666		3317
99		1969		27687		3316
100		1968		27711		3320
101		1964		27727		3315
102		1966		27745		3317
103		1959		27769		3316
104		1958		27786		3312
105		1957		27805		3317
106		1949		27826		3316
107		1947		27841		3322
108		1948		27861		3317
109		1945		27884		3315
110		1942		27896		3315
111		1942		27906		3317
112		1940		27923		3313
113		1937		27950		3314
114		1941		27963		3319
115		1931		27978		3312
116		1936		27990		3312
117		1934		28008		3315
118		1932		28031		3318
119		1940		28051		3318
120		1942		28067		3313
121		1939		28093		3319
122		1934		28113		3316
123		1929		28130		3313
124		1927		28158		3315
125		1927		28187		3314
126		1922		28201		3310
127		1923		28217		3313
128		1918		28240		3314
129		1918		28260		3313
130		1911		28285		3312
131		1918		28298		3312
132		1917		28315		3315
133		1914		28330		3308
134		1916		28358		3311
135		1913		28372		3312
136		1916		28380		3312
137		1913		28389		3312
138		1914		28400		3312
139		1915		28413		3314
140		1913		28433		3307
141		1913		28453		3312
142		1915		28464		3313
143		1916		28479		3317
144		1910		28497		3318
145		1923		28546		3318
146		1919		28577		3317
147		1910		28609		3313
148		1919		28644		3314
149		1915		28686		3309
150		1913		28724		3306
151		1915		28759		3306
152		1916		28795		3308
153		1910		28828		3305
154		1903		28856		3302
155		1888		28882		3299
156		1889		28899		3304
157		1884		28914		3308
158		1886		28924		3305
159		1883		28934		3303
160		1878		28945		3304
161		1878		28953		3304
162		1874		28962		3306
163		1878		28969		3306
164		1880		28978		3305
165		1881		28990		3306
166		1874		29004		3306
167		1873		29010		3303
168		1870		29024		3304
169		1871		29048		3306
170		1874		29070		3305
171		1876		29086		3305
172		1879		29105		3304
173		1871		29122		3305
174		1869		29129		3307
175		1869		29141		3306
176		1867		29164		3311
177		1864		29171		3310
178		1860		29181		3311
179		1855		29189		3310
180		1852		29197		3306
181		1852		29202		3309
182		1848		29211		3310
183		1845		29226		3310
184		1845		29235		3308
185		1849		29252		3307
186		1853		29272		3311
187		1851		29286		3312
188		1848		29305		3307
189		1842		29324		3303
190		1844		29339		3307
191		1839		29352		3309
192		1834		29369		3307
193		1835		29383		3308
194		1838		29411		3311
195		1835		29419		3307
196		1833		29426		3308
197		1830		29432		3307
198		1832		29441		3306
199		1831		29450		3308
200		1833		29467		3308
201		1833		29485		3310
202		1827		29510		3312
203		1834		29524		3316
204		1832		29532		3313
205		1834		29540		3314
206		1829		29553		3313
207		1827		29560		3312
208		1822		29567		3310
209		1822		29569		3312
210		1822		29573		3311
211		1822		29582		3311
212		1826		29591		3312
213		1824		29608		3311
214		1827		29612		3313
215		1828		29627		3315
216		1829		29637		3314
217		1829		29647		3315
218		1822		29660		3314
219		1821		29669		3311
220		1824		29673		3311
221		1822		29677		3310
222		1819		29680		3310
223		1817		29681		3310
224		1817		29681		3310
225		1818		29685		3310
226		1819		29688		3308
227		1820		29691		3308
228		1820		29697		3310
229		1821		29710		3309
230		1822		29718		3308
231		1824		29729		3305
232		1820		29739		3309
233		1817		29754		3309
234		1827		29778		3305
235		1830		29816		3311
236		1826		29839		3309
237		1816		29864		3306
238		1818		29878		3305
239		1816		29889		3305
240		1816		29896		3305
241		1819		29912		3308
242		1820		29925		3308
243		1819		29939		3307
244		1818		29966		3310
245		1813		29980		3306
246		1807		29993		3307
247		1807		30001		3306
248		1806		30014		3308
249		1809		30026		3309
250		1806		30041		3307
251		1810		30060		3311
252		1811		30074		3309
253		1811		30095		3309
254		1811		30115		3312
255		1812		30143		3313
256		1809		30162		3309
257		1803		30172		3311
258		1805		30191		3311
259		1801		30206		3316
260		1800		30223		3315
261		1799		30252		3316
262		1804		30283		3318
263		1802		30302		3320
264		1800		30320		3319
265		1801		30348		3318
266		1802		30371		3318
267		1794		30407		3321
268		1796		30422		3322
269		1798		30443		3323
270		1804		30461		3327
271		1792		30483		3324
272		1791		30501		3324
273		1782		30520		3328
274		1779		30530		3328
275		1779		30541		3331
276		1780		30563		3329
277		1778		30602		3328
278		1775		30629		3332
279		1777		30651		3328
280		1784		30681		3331
281		1776		30703		3325
282		1779		30719		3329
283		1777		30732		3331
284		1774		30749		3334
285		1770		30769		3337
286		1770		30781		3336
287		1772		30796		3334
288		1769		30810		3332
289		1778		30836		3335
290		1770		30853		3334
291		1764		30871		3338
292		1761		30890		3334
293		1761		30912		3335
294		1758		30920		3334
295		1758		30925		3336
296		1756		30931		3332
297		1755		30937		3334
298		1757		30951		3337
299		1756		30963		3341
300		1753		30980		3337
301		1753		30982		3337
302		1758		30992		3336
303		1755		31003		3339
304		1750		31009		3339
305		1751		31016		3337
306		1750		31021		3337
307		1748		31026		3338
308		1747		31028		3339
309		1747		31032		3339
310		1748		31036		3338
311		1750		31041		3339
312		1744		31049		3336
313		1749		31058		3335
314		1743		31067		3335
315		1743		31072		3335
316		1747		31078		3336
317		1744		31084		3337
318		1739		31091		3339
319		1741		31097		3336
320		1742		31103		3336
321		1743		31112		3338
322		1746		31117		3339
323		1742		31127		3335
324		1742		31132		3339
325		1743		31143		3337
326		1746		31151		3338
327		1748		31163		3342
328		1747		31175		3341
329		1742		31188		3340
330		1740		31190		3340
331		1742		31200		3339
332		1742		31202		3339
333		1742		31203		3339
334		1743		31206		3340
335		1742		31207		3340
336		1740		31208		3339
337		1740		31210		3339
338		1738		31215		3340
339		1739		31221		3339
340		1739		31235		3341
341		1739		31238		3340
342		1739		31244		3339
343		1737		31251		3337
344		1740		31258		3337
345		1743		31270		3337
346		1746		31284		3341
347		1745		31298		3338
348		1742		31309		3339
349		1742		31320		3339
350		1741		31338		3338
351		1744		31352		3337
352		1744		31375		3338
353		1751		31393		3338
354		1737		31427		3340
355		1730		31438		3342
356		1731		31459		3341
357		1726		31464		3341
358		1728		31474		3342
359		1725		31478		3344
360		1724		31484		3341
361		1724		31488		3341
362		1722		31499		3338
363		1720		31507		3339
364		1721		31510		3338
365		1719		31517		3343
366		1721		31523		3342
367		1718		31531		3340
368		1715		31539		3339
369		1716		31544		3340
370		1716		31550		3342
371		1712		31557		3339
372		1713		31560		3340
373		1714		31565		3339
374		1714		31569		3341
375		1714		31573		3340
376		1714		31576		3340
377		1715		31578		3339
378		1714		31581		3338
379		1714		31582		3337
380		1715		31585		3338
381		1715		31587		3339
382		1715		31590		3337
383		1715		31592		3340
384		1714		31599		3340
385		1715		31601		3339
386		1717		31606		3339
387		1716		31613		3336
388		1716		31618		3337
389		1718		31623		3338
390		1719		31631		3341
391		1721		31641		3343
392		1723		31652		3342
393		1721		31666		3341
394		1715		31671		3338
395		1713		31676		3340
396		1717		31685		3344
397		1717		31699		3343
398		1720		31710		3341
399		1718		31720		3340
400		1718		31728		3340
401		1711		31741		3340
402		1710		31748		3341
403		1709		31763		3343
404		1709		31766		3342
405		1708		31774		3341
406		1705		31790		3344
407		1705		31792		3344
408		1705		31795		3343
409		1705		31797		3343
410		1704		31799		3343
411		1704		31800		3343
412		1704		31801		3343
413		1704		31802		3344
414		1702		31803		3344
415		1702		31803		3344
416		1702		31803		3344
417		1702		31803		3344
418		1701		31806		3345
419		1701		31808		3345
420		1702		31813		3344
421		1702		31815		3344
422		1705		31822		3343
423		1706		31825		3344
424		1705		31833		3346
425		1705		31835		3343
426		1701		31839		3344
427		1703		31847		3343
428		1706		31850		3343
429		1702		31853		3343
430		1703		31859		3344
431		1701		31875		3344
432		1702		31878		3345
433		1702		31882		3347
434		1699		31886		3346
435		1699		31888		3346
436		1698		31890		3344
437		1698		31890		3344
438		1698		31890		3344
439		1698		31890		3344
440		1698		31890		3344
441		1698		31890		3344
442		1698		31890		3344
443		1698		31890		3344
444		1698		31890		3344
445		1698		31890		3344
446		1698		31890		3344
447		1698		31890		3344
448		1698		31890		3344
449		1698		31890		3344
450		1698		31890		3344
451		1698		31890		3344
452		1698		31890		3344
453		1698		31890		3344
454		1698		31890		3344
455		1698		31890		3344
456		1698		31890		3344
457		1698		31890		3344
458		1698		31890		3344
459		1698		31890		3344
460		1698		31890		3344
461		1698		31890		3344
462		1698		31890		3344
463		1698		31890		3344
464		1698		31890		3344
465		1698		31890		3344
466		1698		31890		3344
467		1698		31890		3344
468		1698		31890		3344
469		1698		31890		3344
470		1698		31890		3344
471		1698		31890		3344
472		1698		31890		3344
473		1698		31890		3344
474		1698		31890		3344
475		1698		31890		3344
476		1698		31890		3344
477		1698		31890		3344
478		1698		31890		3344
479		1698		31890		3344
480		1698		31890		3344
481		1698		31890		3344
482		1698		31890		3344
483		1698		31890		3344
484		1698		31890		3344
485		1698		31890		3344
486		1698		31890		3344
487		1698		31890		3344
488		1698		31890		3344
489		1698		31890		3344
490		1698		31890		3344
491		1698		31890		3344
492		1698		31890		3344
493		1698		31890		3344
494		1698		31890		3344
495		1698		31890		3344
496		1698		31890		3344
497		1698		31890		3344
498		1698		31890		3344
499		1698		31890		3344
500		1698		31890		3344
501		1698		31890		3344
502		1698		31890		3344
503		1698		31890		3344
504		1698		31890		3344
505		1698		31890		3344
506		1698		31890		3344
507		1698		31890		3344
508		1698		31890		3344
509		1698		31890		3344
510		1700		31891		3344
511		1700		31891		3344
512		1700		31893		3344
513		1700		31893		3344
514		1700		31893		3344
515		1700		31893		3344
516		1700		31893		3344
517		1700		31893		3344
518		1700		31893		3344
519		1698		31894		3344
520		1698		31894		3344
521		1698		31894		3344
522		1698		31894		3344
523		1698		31894		3344
524		1698		31894		3344
525		1698		31894		3344
526		1698		31894		3344
527		1698		31894		3344
528		1698		31894		3344
529		1698		31894		3344
530		1698		31894		3344
531		1698		31894		3344
532		1698		31894		3344
533		1698		31894		3344
534		1698		31894		3344
535		1698		31894		3344
536		1698		31894		3344
537		1698		31894		3344
538		1698		31894		3344
539		1698		31894		3344
540		1698		31894		3344
541		1698		31894		3344
542		1698		31894		3344
543		1698		31894		3344
544		1698		31894		3344
545		1698		31894		3344
546		1698		31894		3344
547		1698		31894		3344
548		1698		31894		3344
549		1698		31894		3344
550		1698		31894		3344
551		1698		31894		3344
552		1698		31894		3344
553		1698		31894		3344
554		1698		31894		3344
555		1698		31894		3344
556		1698		31894		3344
557		1698		31894		3344
558		1698		31894		3344
559		1698		31894		3344
560		1698		31894		3344
561		1698		31894		3344
562		1698		31894		3344
563		1698		31894		3344
564		1698		31894		3344
565		1698		31894		3344
566		1698		31894		3344
567		1698		31894		3344
568		1698		31894		3344
569		1698		31894		3344
570		1698		31894		3344
571		1698		31894		3344
572		1698		31894		3344
573		1698		31894		3344
574		1698		31894		3344
575		1698		31894		3344
576		1698		31894		3344
577		1698		31894		3344
578		1698		31894		3344
579		1698		31894		3344
580		1698		31894		3344
581		1698		31894		3344
582		1698		31894		3344
583		1698		31894		3344
584		1698		31894		3344
585		1698		31894		3344
586		1698		31894		3344
587		1698		31894		3344
588		1698		31894		3344
589		1698		31894		3344
590		1698		31894		3344
591		1698		31894		3344
592		1698		31894		3344
593		1698		31894		3344
594		1698		31894		3344
595		1698		31894		3344
596		1698		31894		3344
597		1698		31894		3344
598		1698		31894		3344
599		1698		31894		3344
600		1698		31894		3344
601		1698		31894		3344
602		1698		31894		3344
603		1698		31894		3344
604		1698		31894		3344
605		1698		31894		3344
606		1698		31894		3344
607		1698		31894		3344
608		1698		31894		3344
609		1698		31894		3344
610		1698		31894		3344
611		1698		31894		3344
612		1698		31894		3344
613		1698		31894		3344
614		1698		31894		3344
615		1698		31894		3344
616		1698		31894		3344
617		1698		31894		3344
618		1698		31894		3344
619		1698		31894		3344
620		1698		31894		3344
621		1698		31894		3344
622		1698		31894		3344
623		1698		31894		3344
624		1698		31894		3344
625		1698		31894		3344
626		1698		31894		3344
627		1698		31894		3344
628		1698		31894		3344
629		1698		31894		3344
630		1698		31894		3344
631		1698		31894		3344
632		1698		31894		3344
633		1698		31894		3344
634		1698		31894		3344
635		1698		31894		3344
636		1698		31894		3344
637		1698		31894		3344
638		1698		31894		3344
639		1698		31894		3344
640		1698		31894		3344
641		1698		31894		3344
642		1698		31894		3344
643		1698		31894		3344
644		1698		31894		3344
645		1698		31894		3344
646		1698		31894		3344
647		1698		31894		3344
648		1698		31894		3344
649		1698		31894		3344
650		1698		31894		3344
651		1698		31894		3344
652		1698		31894		3344
653		1698		31894		3344
654		1698		31894		3344
655		1698		31894		3344
656		1698		31894		3344
657		1698		31894		3344
658		1698		31894		3344
659		1698		31894		3344
660		1698		31894		3344
661		1698		31894		3344
662		1698		31894		3344
663		1698		31894		3344
664		1698		31894		3344
665		1698		31894		3344
666		1698		31894		3344
667		1698		31894		3344
668		1698		31894		3344
669		1698		31894		3344
670		1698		31894		3344
671		1698		31894		3344
672		1698		31894		3344
673		1698		31894		3344
674		1698		31894		3344
675		1698		31894		3344
676		1698		31894		3344
677		1698		31894		3344
678		1698		31894		3344
679		1698		31894		3344
680		1698		31894		3344
681		1698		31894		3344
682		1698		31894		3344
683		1698		31894		3344
684		1698		31894		3344
685		1698		31894		3344
686		1698		31894		3344
687		1698		31894		3344
688		1698		31894		3344
689		1698		31894		3344
690		1698		31894		3344
691		1698		31894		3344
692		1698		31894		3344
693		1698		31894		3344
694		1698		31894		3344
695		1698		31894		3344
696		1698		31894		3344
697		1698		31894		3344
698		1698		31894		3344
699		1698		31894		3344
700		1698		31894		3344
701		1698		31894		3344
702		1698		31894		3344
703		1698		31894		3344
704		1698		31894		3344
705		1698		31894		3344
706		1698		31894		3344
707		1698		31894		3344
708		1698		31894		3344
709		1698		31894		3344
710		1698		31894		3344
711		1698		31894		3344
712		1698		31894		3344
713		1698		31894		3344
714		1698		31894		3344
715		1698		31894		3344
716		1698		31894		3344
717		1698		31894		3344
718		1698		31894		3344
719		1698		31894		3344
720		1698		31894		3344
721		1698		31894		3344
722		1698		31894		3344
723		1698		31894		3344
724		1698		31894		3344
725		1698		31894		3344
726		1698		31894		3344
727		1698		31894		3344
728		1698		31894		3344
729		1698		31894		3344
730		1698		31894		3344
731		1698		31894		3344
732		1698		31894		3344
733		1698		31894		3344
734		1698		31894		3344
735		1698		31894		3344
736		1698		31894		3344
737		1698		31894		3344
738		1698		31894		3344
739		1698		31894		3344
740		1698		31894		3344
741		1698		31894		3344
742		1698		31894		3344
743		1698		31894		3344
744		1698		31894		3344
745		1698		31894		3344
746		1698		31894		3344
747		1698		31894		3344
748		1698		31894		3344
749		1698		31894		3344
750		1698		31894		3344
751		1698		31894		3344
752		1698		31894		3344
753		1698		31894		3344
754		1698		31894		3344
755		1698		31894		3344
756		1698		31894		3344
757		1698		31894		3344
758		1698		31894		3344
759		1698		31894		3344
760		1698		31894		3344
761		1698		31894		3344
762		1698		31894		3344
763		1698		31894		3344
764		1698		31894		3344
765		1698		31894		3344
766		1698		31894		3344
767		1698		31894		3344
768		1698		31894		3344
769		1698		31894		3344
770		1698		31894		3344
771		1698		31894		3344
772		1698		31894		3344
773		1698		31894		3344
774		1698		31894		3344
775		1698		31894		3344
776		1698		31894		3344
777		1698		31894		3344
778		1698		31894		3344
779		1698		31894		3344
780		1698		31894		3344
781		1698		31894		3344
782		1698		31894		3344
783		1698		31894		3344
784		1698		31894		3344
785		1698		31894		3344
786		1698		31894		3344
787		1698		31894		3344
788		1698		31894		3344
789		1698		31894		3344
790		1698		31894		3344
791		1698		31894		3344
792		1698		31894		3344
793		1698		31894		3344
794		1698		31894		3344
795		1698		31894		3344
796		1698		31894		3344
797		1698		31894		3344
798		1698		31894		3344
799		1698		31894		3344
800		1698		31894		3344
801		1698		31894		3344
802		1698		31894		3344
803		1698		31894		3344
804		1698		31894		3344
805		1698		31894		3344
806		1698		31894		3344
807		1698		31894		3344
808		1698		31894		3344
809		1698		31894		3344
810		1698		31894		3344
811		1698		31894		3344
812		1698		31894		3344
813		1698		31894		3344
814		1698		31894		3344
815		1698		31894		3344
816		1698		31894		3344
817		1698		31894		3344
818		1698		31894		3344
819		1698		31894		3344
820		1698		31894		3344
821		1698		31894		3344
822		1698		31894		3344
823		1698		31894		3344
824		1698		31894		3344
825		1698		31894		3344
826		1698		31894		3344
827		1698		31894		3344
828		1698		31894		3344
829		1698		31894		3344
830		1698		31894		3344
831		1698		31894		3344
832		1698		31894		3344
833		1698		31894		3344
834		1698		31894		3344
835		1698		31894		3344
836		1698		31894		3344
837		1698		31894		3344
838		1698		31894		3344
839		1698		31894		3344
840		1698		31894		3344
841		1698		31894		3344
842		1698		31894		3344
843		1698		31894		3344
844		1698		31894		3344
845		1698		31894		3344
846		1698		31894		3344
847		1698		31894		3344
848		1698		31894		3344
849		1698		31894		3344
850		1698		31894		3344
851		1698		31894		3344
852		1698		31894		3344
853		1698		31894		3344
854		1698		31894		3344
855		1698		31894		3344
856		1698		31894		3344
857		1698		31894		3344
858		1698		31894		3344
859		1698		31894		3344
860		1698		31894		3344
861		1698		31894		3344
862		1698		31894		3344
863		1698		31894		3344
864		1698		31894		3344
865		1698		31894		3344
866		1698		31894		3344
867		1698		31894		3344
868		1698		31894		3344
869		1698		31894		3344
870		1698		31894		3344
871		1698		31894		3344
872		1698		31894		3344
873		1698		31894		3344
874		1698		31894		3344
875		1698		31894		3344
876		1698		31894		3344
877		1698		31894		3344
878		1698		31894		3344
879		1698		31894		3344
880		1698		31894		3344
881		1698		31894		3344
882		1698		31894		3344
883		1698		31894		3344
884		1698		31894		3344
885		1698		31894		3344
886		1698		31894		3344
887		1698		31894		3344
888		1698		31894		3344
889		1698		31894		3344
890		1698		31894		3344
891		1698		31894		3344
892		1698		31894		3344
893		1698		31894		3344
894		1698		31894		3344
895		1698		31894		3344
896		1698		31894		3344
897		1698		31894		3344
898		1698		31894		3344
899		1698		31894		3344
900		1698		31894		3344
901		1698		31894		3344
902		1698		31894		3344
903		1698		31894		3344
904		1698		31894		3344
905		1698		31894		3344
906		1698		31894		3344
907		1698		31894		3344
908		1698		31894		3344
909		1698		31894		3344
910		1698		31894		3344
911		1698		31894		3344
912		1698		31894		3344
913		1698		31894		3344
914		1698		31894		3344
915		1698		31894		3344
916		1698		31894		3344
917		1698		31894		3344
918		1698		31894		3344
919		1698		31894		3344
920		1698		31894		3344
921		1698		31894		3344
922		1698		31894		3344
923		1698		31894		3344
924		1698		31894		3344
925		1698		31894		3344
926		1698		31894		3344
927		1698		31894		3344
928		1698		31894		3344
929		1698		31894		3344
930		1698		31894		3344
931		1698		31894		3344
932		1698		31894		3344
933		1698		31894		3344
934		1698		31894		3344
935		1698		31894		3344
936		1698		31894		3344
937		1698		31894		3344
938		1698		31894		3344
939		1698		31894		3344
940		1698		31894		3344
941		1698		31894		3344
942		1698		31894		3344
943		1698		31894		3344
944		1698		31894		3344
945		1698		31894		3344
946		1698		31894		3344
947		1698		31894		3344
948		1698		31894		3344
949		1698		31894		3344
950		1698		31894		3344
951		1698		31894		3344
952		1698		31894		3344
953		1698		31894		3344
954		1698		31894		3344
955		1698		31894		3344
956		1698		31894		3344
957		1698		31894		3344
958		1698		31894		3344
959		1698		31894		3344
960		1698		31894		3344
961		1698		31894		3344
962		1698		31894		3344
963		1698		31894		3344
964		1698		31894		3344
965		1698		31894		3344
966		1698		31894		3344
967		1698		31894		3344
968		1698		31894		3344
969		1698		31894		3344
970		1698		31894		3344
971		1698		31894		3344
972		1698		31894		3344
973		1698		31894		3344
974		1698		31894		3344
975		1698		31894		3344
976		1698		31894		3344
977		1698		31894		3344
978		1698		31894		3344
979		1698		31894		3344
980		1698		31894		3344
981		1698		31894		3344
982		1698		31894		3344
983		1698		31894		3344
984		1698		31894		3344
985		1698		31894		3344
986		1698		31894		3344
987		1698		31894		3344
988		1698		31894		3344
989		1698		31894		3344
990		1698		31894		3344
991		1698		31894		3344
992		1698		31894		3344
993		1698		31894		3344
994		1698		31894		3344
995		1698		31894		3344
996		1698		31894		3344
997		1698		31894		3344
998		1698		31894		3344
999		1698		31894		3344
