# Migration is number of nodes that have changed color.

Round		Edge-Cut		Swaps		Migrations		Skipped
0		4273		2288		1089
1		3649		4309		1260
2		3407		6166		1301
3		3267		7917		1344
4		3183		9578		1413
5		3078		11212		1452
6		2999		12771		1478
7		2939		14302		1492
8		2878		15788		1505
9		2809		17255		1517
10		2772		18666		1519
11		2718		20054		1524
12		2694		21415		1541
13		2656		22742		1538
14		2636		24044		1561
15		2606		25336		1557
16		2566		26612		1564
17		2555		27861		1567
18		2530		29078		1573
19		2511		30282		1582
20		2492		31464		1572
21		2468		32634		1575
22		2446		33775		1580
23		2421		34881		1584
24		2407		35981		1584
25		2385		37073		1587
26		2371		38157		1590
27		2365		39229		1588
28		2358		40313		1603
29		2343		41380		1606
30		2321		42432		1602
31		2308		43465		1598
32		2286		44493		1611
33		2265		45494		1616
34		2253		46482		1614
35		2238		47457		1621
36		2231		48421		1615
37		2221		49382		1618
38		2210		50326		1620
39		2201		51269		1623
40		2199		52207		1618
41		2192		53142		1627
42		2178		54079		1627
43		2169		55001		1627
44		2160		55919		1624
45		2153		56829		1628
46		2149		57734		1624
47		2149		58631		1621
48		2153		59527		1628
49		2149		60428		1621
50		2143		61329		1624
51		2144		62218		1621
52		2132		63107		1627
53		2134		63989		1622
54		2127		64869		1624
55		2125		65741		1625
56		2120		66620		1627
57		2117		67486		1628
58		2111		68354		1629
59		2105		69213		1625
60		2103		70069		1632
61		2097		70919		1630
62		2092		71758		1631
63		2091		72596		1633
64		2088		73435		1630
65		2086		74268		1626
66		2080		75095		1629
67		2079		75917		1630
68		2075		76736		1627
69		2067		77548		1625
70		2068		78359		1627
71		2066		79163		1624
72		2058		79963		1626
73		2053		80759		1627
74		2048		81548		1627
75		2050		82332		1628
76		2045		83114		1628
77		2039		83892		1632
78		2035		84662		1633
79		2034		85426		1633
80		2029		86188		1634
81		2032		86945		1637
82		2028		87701		1637
83		2024		88451		1638
84		2024		89202		1635
85		2020		89945		1632
86		2016		90688		1632
87		2016		91424		1633
88		2013		92159		1636
89		2012		92892		1636
90		2009		93623		1638
91		2006		94352		1638
92		2002		95076		1643
93		1999		95798		1644
94		1996		96518		1643
95		1997		97235		1643
96		1995		97951		1643
97		1995		98665		1644
98		1993		99377		1643
99		1993		100087		1643
100		1990		100798		1641
101		1990		101506		1641
102		1988		102213		1642
103		1986		102917		1643
104		1984		103619		1644
105		1983		104319		1642
106		1981		105019		1642
107		1980		105716		1643
108		1979		106411		1643
109		1980		107106		1643
110		1978		107802		1643
111		1979		108495		1643
112		1978		109188		1643
113		1979		109881		1643
114		1976		110574		1644
115		1977		111263		1644
116		1976		111952		1644
117		1976		112640		1642
118		1974		113328		1641
119		1974		114014		1643
120		1972		114696		1642
121		1973		115377		1642
122		1971		116057		1644
123		1969		116737		1642
124		1967		117413		1643
125		1966		118084		1640
126		1965		118753		1640
127		1963		119423		1643
128		1962		120086		1643
129		1961		120747		1643
130		1958		121406		1644
131		1958		122060		1646
132		1955		122713		1647
133		1955		123361		1647
134		1955		124010		1648
135		1956		124660		1648
136		1956		125311		1647
137		1955		125958		1647
138		1954		126603		1647
139		1952		127247		1648
140		1949		127890		1650
141		1948		128527		1651
142		1949		129165		1650
143		1948		129803		1651
144		1944		130443		1653
145		1944		131074		1654
146		1942		131706		1654
147		1941		132335		1654
148		1938		132962		1654
149		1937		133583		1653
150		1933		134200		1654
151		1930		134812		1656
152		1929		135418		1658
153		1930		136025		1657
154		1930		136633		1659
155		1930		137241		1658
156		1928		137847		1660
157		1928		138452		1659
158		1925		139056		1663
159		1923		139657		1662
160		1922		140253		1662
161		1922		140849		1660
162		1921		141446		1662
163		1921		142041		1660
164		1920		142636		1662
165		1918		143231		1664
166		1918		143824		1665
167		1917		144415		1665
168		1917		145006		1667
169		1916		145594		1668
170		1916		146182		1668
171		1916		146770		1668
172		1915		147357		1668
173		1914		147944		1669
174		1912		148526		1671
175		1912		149106		1671
176		1912		149686		1671
177		1910		150268		1670
178		1909		150847		1670
179		1909		151425		1670
180		1909		152005		1670
181		1908		152584		1668
182		1907		153159		1668
183		1907		153733		1668
184		1906		154306		1668
185		1906		154878		1668
186		1906		155450		1668
187		1905		156021		1668
188		1905		156591		1668
189		1903		157159		1671
190		1903		157727		1671
191		1902		158292		1672
192		1901		158857		1672
193		1899		159417		1672
194		1899		159975		1672
195		1899		160533		1672
196		1899		161091		1672
197		1899		161649		1672
198		1898		162206		1672
199		1898		162762		1672
200		1897		163317		1674
201		1896		163870		1675
202		1896		164422		1675
203		1895		164973		1675
204		1895		165525		1675
205		1895		166077		1675
206		1895		166631		1674
207		1895		167184		1673
208		1895		167737		1674
209		1895		168290		1673
210		1895		168843		1674
211		1894		169397		1672
212		1893		169949		1674
213		1892		170497		1673
214		1892		171044		1674
215		1892		171591		1673
216		1892		172138		1674
217		1892		172685		1673
218		1892		173232		1674
219		1892		173779		1673
220		1892		174326		1674
221		1892		174873		1673
222		1892		175420		1674
223		1892		175967		1673
224		1891		176513		1673
225		1890		177057		1672
226		1889		177599		1673
227		1888		178141		1674
228		1888		178682		1675
229		1888		179223		1674
230		1888		179764		1675
231		1888		180305		1674
232		1888		180846		1675
233		1887		181386		1674
234		1887		181925		1675
235		1887		182464		1674
236		1886		183004		1674
237		1886		183541		1673
238		1884		184082		1677
239		1884		184618		1677
240		1884		185154		1677
241		1884		185690		1677
242		1883		186227		1679
243		1883		186761		1679
244		1882		187294		1679
245		1881		187825		1681
246		1881		188355		1681
247		1880		188884		1680
248		1880		189412		1680
249		1880		189940		1680
250		1880		190468		1680
251		1879		190997		1679
252		1879		191523		1679
253		1878		192050		1678
254		1878		192574		1678
255		1878		193098		1678
256		1877		193621		1678
257		1875		194143		1677
258		1874		194662		1678
259		1874		195180		1678
260		1874		195698		1678
261		1874		196216		1678
262		1874		196734		1678
263		1874		197252		1678
264		1872		197768		1678
265		1870		198280		1679
266		1870		198790		1679
267		1870		199300		1679
268		1868		199808		1680
269		1869		200316		1681
270		1868		200824		1683
271		1868		201331		1683
272		1867		201836		1683
273		1867		202340		1683
274		1867		202844		1683
275		1865		203346		1686
276		1865		203846		1686
277		1864		204345		1686
278		1864		204845		1686
279		1863		205344		1684
280		1863		205842		1684
281		1863		206340		1684
282		1863		206838		1684
283		1861		207334		1686
284		1861		207828		1686
285		1860		208321		1686
286		1860		208813		1686
287		1860		209305		1686
288		1860		209797		1686
289		1860		210289		1686
290		1860		210781		1686
291		1860		211273		1686
292		1860		211765		1686
293		1860		212257		1686
294		1860		212749		1686
295		1860		213241		1686
296		1860		213733		1686
297		1860		214225		1686
298		1860		214717		1686
299		1858		215208		1685
300		1857		215697		1684
301		1857		216185		1684
302		1857		216673		1684
303		1856		217160		1685
304		1856		217646		1685
305		1855		218131		1686
306		1854		218616		1686
307		1854		219100		1686
308		1853		219583		1688
309		1852		220064		1687
310		1852		220544		1687
311		1852		221024		1687
312		1852		221504		1687
313		1852		221984		1687
314		1852		222464		1687
315		1852		222944		1687
316		1852		223424		1687
317		1852		223904		1687
318		1852		224384		1687
319		1852		224864		1687
320		1852		225344		1687
321		1852		225824		1687
322		1852		226304		1687
323		1852		226784		1687
324		1852		227264		1687
325		1852		227744		1687
326		1851		228223		1688
327		1851		228701		1688
328		1850		229178		1686
329		1850		229654		1686
330		1850		230130		1686
331		1850		230606		1686
332		1849		231081		1688
333		1849		231555		1688
334		1849		232029		1688
335		1849		232503		1688
336		1849		232977		1688
337		1848		233450		1686
338		1848		233922		1686
339		1848		234394		1686
340		1848		234866		1686
341		1848		235338		1686
342		1847		235809		1687
343		1848		236281		1688
344		1848		236754		1688
345		1848		237227		1688
346		1848		237699		1688
347		1847		238173		1688
348		1847		238645		1688
349		1847		239117		1688
350		1847		239589		1688
351		1847		240061		1688
352		1847		240533		1688
353		1847		241005		1688
354		1847		241477		1688
355		1847		241949		1688
356		1847		242421		1688
357		1846		242892		1688
358		1846		243362		1688
359		1846		243832		1688
360		1846		244302		1688
361		1846		244772		1688
362		1846		245242		1688
363		1846		245712		1688
364		1846		246182		1688
365		1846		246652		1688
366		1846		247122		1688
367		1846		247592		1688
368		1846		248062		1688
369		1846		248532		1688
370		1846		249002		1688
371		1846		249472		1688
372		1846		249942		1688
373		1845		250411		1687
374		1845		250879		1687
375		1845		251347		1687
376		1845		251815		1687
377		1845		252283		1687
378		1845		252751		1687
379		1845		253219		1687
380		1845		253687		1687
381		1845		254155		1687
382		1845		254623		1687
383		1844		255090		1687
384		1844		255556		1687
385		1844		256022		1687
386		1844		256488		1687
387		1844		256954		1687
388		1844		257420		1687
389		1843		257887		1687
390		1843		258351		1687
391		1843		258815		1687
392		1843		259279		1687
393		1843		259743		1687
394		1843		260207		1687
395		1843		260671		1687
396		1842		261134		1687
397		1842		261596		1687
398		1842		262058		1687
399		1842		262520		1687
400		1842		262982		1687
401		1842		263444		1687
402		1842		263906		1687
403		1842		264368		1687
404		1842		264830		1687
405		2004		265537		1711
406		1998		266275		1713
407		1996		267013		1711
408		2003		267750		1712
409		1995		268491		1719
410		1987		269219		1717
411		1978		269932		1717
412		1977		270642		1715
413		1969		271344		1716
414		1965		272034		1716
415		1964		272725		1716
416		1962		273414		1715
417		1963		274106		1716
418		1958		274796		1715
419		1957		275477		1715
420		1955		276154		1715
421		1952		276832		1717
422		1952		277505		1714
423		1951		278177		1716
424		1950		278845		1719
425		1945		279508		1715
426		1945		280171		1716
427		1945		280834		1715
428		1944		281498		1716
429		1941		282160		1717
430		1941		282822		1717
431		1940		283481		1717
432		1938		284137		1717
433		1937		284792		1717
434		1935		285448		1715
435		1934		286097		1717
436		1934		286745		1717
437		1934		287393		1717
438		1934		288042		1715
439		1932		288691		1718
440		1931		289340		1718
441		1931		289984		1718
442		1929		290631		1719
443		1927		291273		1720
444		1927		291914		1719
445		1925		292551		1720
446		1924		293188		1721
447		1923		293821		1722
448		1923		294453		1722
449		1923		295085		1722
450		1922		295716		1722
451		1922		296348		1722
452		1922		296980		1722
453		1922		297612		1722
454		1922		298244		1722
455		1921		298875		1722
456		1921		299505		1722
457		1921		300135		1722
458		1921		300766		1724
459		1920		301396		1723
460		1920		302025		1724
461		1920		302654		1723
462		1919		303282		1724
463		1919		303909		1723
464		1919		304536		1724
465		1919		305163		1723
466		1918		305789		1725
467		1918		306414		1724
468		1918		307039		1725
469		1918		307664		1724
470		1918		308289		1725
471		1918		308914		1724
472		1918		309539		1725
473		1918		310164		1724
474		1918		310789		1725
475		1918		311414		1724
476		1918		312039		1725
477		1917		312663		1723
478		1916		313285		1726
479		1915		313905		1724
480		1915		314524		1725
481		1915		315143		1724
482		1915		315762		1725
483		1914		316380		1725
484		1914		316997		1726
485		1914		317614		1725
486		1913		318230		1726
487		1913		318845		1725
488		1913		319460		1726
489		1912		320074		1727
490		1912		320687		1728
491		1912		321300		1727
492		1911		321912		1728
493		1911		322523		1727
494		1911		323134		1728
495		1911		323745		1727
496		1911		324356		1728
497		1911		324967		1727
498		1911		325578		1728
499		1911		326189		1727
500		1911		326800		1728
501		1911		327411		1727
502		1911		328022		1728
503		1911		328633		1727
504		1911		329244		1728
505		1910		329854		1728
506		1910		330463		1729
507		1910		331072		1728
508		1910		331681		1729
509		1910		332290		1728
510		1910		332899		1729
511		1910		333508		1728
512		1909		334116		1729
513		1909		334723		1728
514		1909		335330		1729
515		1909		335937		1728
516		1909		336544		1729
517		1909		337151		1728
518		1909		337758		1729
519		1909		338365		1728
520		1909		338972		1729
521		1909		339579		1728
522		1909		340186		1729
523		1909		340793		1728
524		1909		341400		1729
525		1909		342007		1728
526		1909		342614		1729
527		1909		343221		1728
528		1909		343828		1729
529		1909		344435		1728
530		1909		345042		1729
531		1909		345649		1728
532		1909		346256		1729
533		1909		346863		1728
534		1909		347470		1729
535		1909		348077		1728
536		1909		348684		1729
537		1909		349291		1728
538		1909		349898		1729
539		1909		350505		1728
540		1909		351112		1729
541		1909		351719		1728
542		1909		352326		1729
543		1908		352934		1728
544		1907		353538		1729
545		1907		354141		1728
546		1907		354744		1729
547		1907		355347		1728
548		1907		355950		1729
549		1907		356553		1728
550		1907		357156		1729
551		1907		357759		1728
552		1907		358362		1729
553		1907		358965		1728
554		1907		359568		1729
555		1907		360171		1728
556		1907		360774		1729
557		1907		361377		1728
558		1907		361980		1729
559		1907		362583		1728
560		1907		363186		1729
561		1907		363789		1728
562		1907		364392		1729
563		1907		364995		1728
564		1907		365598		1729
565		1907		366201		1728
566		1907		366804		1729
567		1906		367406		1730
568		1906		368007		1731
569		1906		368608		1730
570		1906		369209		1731
571		1906		369810		1730
572		1906		370411		1731
573		1905		371013		1730
574		1905		371612		1731
575		1905		372211		1730
576		1905		372810		1731
577		1905		373409		1730
578		1904		374009		1732
579		1904		374606		1731
580		1904		375203		1732
581		1904		375800		1731
582		1904		376397		1732
583		1904		376994		1731
584		1904		377591		1732
585		1904		378188		1731
586		1904		378785		1732
587		1904		379382		1731
588		1904		379979		1732
589		1904		380576		1731
590		1904		381173		1732
591		1904		381770		1731
592		1904		382367		1732
593		1904		382964		1731
594		1904		383561		1732
595		1904		384158		1731
596		1904		384755		1732
597		1904		385352		1731
598		1904		385949		1732
599		1904		386546		1731
600		1904		387143		1732
601		1904		387740		1731
602		1904		388337		1732
603		1903		388933		1729
604		1903		389528		1730
605		1903		390123		1729
606		1903		390718		1730
607		1903		391313		1729
608		1903		391908		1730
609		1903		392503		1729
610		1903		393098		1730
611		1903		393693		1729
612		1903		394288		1730
613		1903		394883		1729
614		1903		395478		1730
615		1902		396072		1730
616		1902		396665		1731
617		1902		397258		1730
618		1902		397851		1731
619		1902		398444		1730
620		1902		399037		1731
621		1902		399630		1730
622		1902		400223		1731
623		1902		400816		1730
624		1902		401409		1731
625		1902		402002		1730
626		1902		402595		1731
627		1902		403188		1730
628		1902		403781		1731
629		1902		404374		1730
630		1902		404967		1731
631		1902		405560		1730
632		1902		406153		1731
633		1902		406746		1730
634		1901		407338		1730
635		1901		407929		1729
636		1901		408520		1730
637		1901		409111		1729
638		1901		409702		1730
639		1901		410293		1729
640		1901		410884		1730
641		1901		411475		1729
642		1901		412066		1730
643		1900		412656		1730
644		1900		413245		1731
645		1900		413834		1730
646		1900		414423		1731
647		1900		415012		1730
648		1900		415601		1731
649		1900		416190		1730
650		1899		416778		1730
651		1898		417364		1729
652		1898		417949		1730
653		1898		418534		1729
654		1898		419119		1730
655		1898		419704		1729
656		1898		420289		1730
657		1898		420874		1729
658		1898		421459		1730
659		1898		422044		1729
660		1898		422629		1730
661		1898		423214		1729
662		1898		423799		1730
663		1898		424384		1729
664		1898		424969		1730
665		1898		425554		1729
666		1899		426141		1729
667		1899		426727		1729
668		1899		427313		1729
669		1899		427899		1729
670		1899		428485		1729
671		1899		429071		1729
672		1899		429657		1729
673		1897		430245		1730
674		1897		430831		1730
675		1897		431417		1730
676		1896		432002		1730
677		1896		432586		1730
678		1896		433170		1730
679		1896		433754		1730
680		1896		434338		1730
681		1896		434922		1730
682		1896		435506		1730
683		1895		436089		1732
684		1895		436671		1732
685		1895		437253		1732
686		1895		437835		1732
687		1894		438416		1731
688		1894		438996		1731
689		1894		439576		1731
690		1894		440156		1731
691		1894		440736		1731
692		1894		441316		1731
693		1894		441896		1731
694		1894		442476		1731
695		1894		443056		1731
696		1894		443636		1731
697		1894		444216		1731
698		1894		444796		1731
699		1894		445376		1731
700		1894		445956		1731
701		1894		446536		1731
702		1894		447116		1731
703		1894		447696		1731
704		1894		448276		1731
705		1894		448856		1731
706		1894		449436		1731
707		1894		450016		1731
708		1894		450596		1731
709		1894		451176		1731
710		1894		451756		1731
711		1894		452336		1731
712		1894		452916		1731
713		1894		453496		1731
714		1894		454076		1731
715		1894		454656		1731
716		1894		455236		1731
717		1894		455816		1731
718		1894		456396		1731
719		1894		456976		1731
720		1893		457555		1733
721		1893		458133		1733
722		1893		458711		1733
723		1893		459289		1733
724		1893		459867		1733
725		1893		460445		1733
726		1893		461023		1733
727		1893		461601		1733
728		1893		462179		1733
729		1893		462757		1733
730		1893		463335		1733
731		1893		463913		1733
732		1893		464491		1733
733		1892		465068		1732
734		1892		465644		1732
735		1892		466220		1732
736		1892		466796		1732
737		1891		467371		1732
738		1891		467945		1732
739		1891		468519		1732
740		1891		469093		1732
741		1891		469667		1732
742		1891		470241		1732
743		1891		470815		1732
744		1891		471389		1732
745		1891		471963		1732
746		1891		472537		1732
747		1891		473111		1732
748		1891		473685		1732
749		1891		474259		1732
750		1891		474833		1732
751		1891		475407		1732
752		1891		475981		1732
753		1891		476555		1732
754		1890		477128		1731
755		1889		477701		1732
756		1889		478271		1732
757		1889		478841		1732
758		1889		479411		1732
759		1889		479981		1732
760		1889		480551		1732
761		1889		481121		1732
762		1889		481691		1732
763		1889		482261		1732
764		1889		482831		1732
765		1889		483401		1732
766		1889		483971		1732
767		1889		484541		1732
768		1888		485110		1730
769		1888		485678		1730
770		1888		486246		1730
771		1888		486814		1730
772		1888		487382		1730
773		1888		487950		1730
774		1888		488518		1730
775		1888		489086		1730
776		1888		489654		1730
777		1888		490222		1730
778		1888		490790		1730
779		1888		491358		1730
780		1887		491927		1731
781		1886		492492		1732
782		1885		493055		1731
783		1885		493617		1731
784		1884		494178		1732
785		1884		494738		1732
786		1884		495298		1732
787		1884		495858		1732
788		1883		496417		1730
789		1883		496975		1730
790		1883		497533		1730
791		1883		498091		1730
792		1883		498649		1730
793		1883		499207		1730
794		1883		499765		1730
795		1883		500323		1730
796		1883		500881		1730
797		1883		501439		1730
798		1883		501997		1730
799		1883		502555		1730
800		1882		503112		1731
801		1881		503667		1731
802		1881		504221		1731
803		1880		504774		1732
804		1880		505326		1732
805		1880		505878		1732
806		1880		506430		1732
807		1880		506982		1732
808		1880		507534		1732
809		2035		508277		1747
810		2026		509072		1744
811		2025		509856		1743
812		2027		510640		1743
813		2015		511425		1746
814		2012		512197		1747
815		2006		512968		1746
816		2001		513732		1750
817		1997		514490		1748
818		1996		515241		1750
819		1988		515989		1744
820		1987		516737		1745
821		1986		517484		1745
822		1983		518226		1745
823		1981		518969		1746
824		1981		519709		1746
825		1981		520449		1746
826		1981		521189		1746
827		1982		521932		1745
828		1981		522677		1747
829		1980		523420		1747
830		1979		524163		1747
831		1980		524904		1746
832		1980		525646		1746
833		1979		526387		1748
834		1979		527127		1748
835		1978		527866		1747
836		1978		528605		1748
837		1977		529344		1747
838		1977		530082		1747
839		1977		530821		1749
840		1977		531559		1749
841		1976		532296		1748
842		1976		533034		1748
843		1976		533771		1748
844		1976		534507		1748
845		1976		535244		1748
846		1976		535980		1748
847		1975		536717		1750
848		1975		537451		1750
849		1974		538186		1750
850		1974		538920		1750
851		1974		539654		1750
852		1973		540390		1750
853		1973		541124		1750
854		1973		541858		1750
855		1973		542592		1750
856		1973		543326		1750
857		1973		544061		1751
858		1973		544795		1751
859		1973		545529		1751
860		1973		546263		1751
861		1973		546997		1751
862		1972		547730		1751
863		1972		548462		1751
864		1972		549194		1751
865		1972		549926		1751
866		1972		550658		1751
867		1972		551390		1751
868		1972		552122		1751
869		1971		552853		1753
870		1971		553583		1753
871		1970		554312		1753
872		1969		555042		1752
873		1969		555770		1752
874		1969		556498		1752
875		1968		557225		1753
876		1967		557950		1751
877		1967		558674		1751
878		1967		559398		1751
879		1967		560122		1751
880		1967		560846		1751
881		1967		561570		1751
882		1967		562294		1751
883		1967		563018		1751
884		1967		563742		1751
885		1967		564466		1751
886		1967		565190		1751
887		1967		565914		1751
888		1967		566638		1751
889		1967		567362		1751
890		1967		568086		1751
891		1967		568810		1751
892		1967		569534		1751
893		1967		570258		1751
894		1967		570982		1751
895		1966		571705		1751
896		1966		572427		1751
897		1965		573150		1749
898		1965		573870		1749
899		1965		574590		1749
900		1965		575310		1749
901		1965		576030		1749
902		1965		576750		1749
903		1965		577470		1749
904		1965		578190		1749
905		1965		578910		1749
906		1965		579630		1749
907		1965		580350		1749
908		1965		581070		1749
909		1965		581790		1749
910		1965		582510		1749
911		1965		583230		1749
912		1965		583950		1749
913		1964		584669		1751
914		1964		585387		1751
915		1964		586105		1751
916		1964		586823		1751
917		1964		587541		1751
918		1964		588259		1751
919		1964		588977		1751
920		1964		589695		1751
921		1964		590413		1751
922		1964		591131		1751
923		1963		591850		1749
924		1963		592566		1749
925		1963		593282		1749
926		1963		593998		1749
927		1963		594714		1749
928		1963		595430		1749
929		1963		596146		1749
930		1963		596862		1749
931		1963		597578		1749
932		1963		598294		1749
933		1963		599010		1749
934		1963		599726		1749
935		1962		600441		1751
936		1962		601155		1751
937		1962		601869		1751
938		1962		602583		1751
939		1962		603297		1751
940		1962		604011		1751
941		1962		604725		1751
942		1962		605439		1751
943		1962		606153		1751
944		1962		606867		1751
945		1961		607580		1749
946		1961		608292		1749
947		1961		609004		1749
948		1961		609716		1749
949		1960		610429		1751
950		1959		611138		1750
951		1959		611846		1750
952		1959		612554		1750
953		1959		613262		1750
954		1959		613970		1750
955		1959		614678		1750
956		1959		615386		1750
957		1959		616094		1750
958		1959		616802		1750
959		1959		617510		1750
960		1959		618218		1750
961		1959		618926		1750
962		1959		619634		1750
963		1959		620342		1750
964		1959		621050		1750
965		1959		621758		1750
966		1959		622466		1750
967		1959		623174		1750
968		1959		623882		1750
969		1959		624590		1750
970		1959		625298		1750
971		1959		626006		1750
972		1959		626714		1750
973		1959		627422		1750
974		1958		628129		1752
975		1958		628835		1752
976		1958		629541		1752
977		1958		630247		1752
978		1958		630953		1752
979		1958		631659		1752
980		1958		632365		1752
981		1958		633071		1752
982		1958		633777		1752
983		1958		634483		1752
984		1958		635189		1752
985		1957		635894		1750
986		1956		636597		1751
987		1956		637299		1751
988		1956		638001		1751
989		1956		638703		1751
990		1956		639405		1751
991		1956		640107		1751
992		1956		640809		1751
993		1956		641511		1751
994		1956		642213		1751
995		1956		642915		1751
996		1956		643617		1751
997		1956		644319		1751
998		1956		645021		1751
999		1956		645723		1751
