# Migration is number of nodes that have changed color.

Round		Edge-Cut		Swaps		Migrations		Skipped
0		90670		2193		2118
1		62420		3451		2068
2		52086		4152		2036
3		47046		4598		2011
4		44748		4925		2043
5		43817		5121		2040
6		43127		5280		2039
7		42562		5391		2035
8		42357		5488		2045
9		42151		5573		2045
10		41971		5642		2046
11		41857		5690		2053
12		41773		5732		2043
13		41753		5753		2049
14		41676		5787		2051
15		41631		5806		2054
16		41541		5829		2049
17		41525		5853		2051
18		41478		5867		2050
19		41459		5881		2046
20		41454		5899		2044
21		41419		5916		2042
22		41355		5928		2038
23		41353		5936		2037
24		41351		5944		2039
25		41316		5957		2038
26		41321		5965		2037
27		41347		5970		2037
28		41350		5977		2040
29		41342		5985		2035
30		41334		5988		2035
31		41336		5994		2037
32		41328		6000		2035
33		41327		6006		2036
34		41326		6012		2040
35		41323		6015		2041
36		41323		6015		2041
37		41317		6018		2041
38		41314		6021		2042
39		41309		6024		2042
40		41309		6025		2042
41		41305		6027		2042
42		41302		6029		2042
43		41302		6029		2042
44		41302		6029		2042
45		41302		6029		2042
46		41303		6033		2042
47		41301		6034		2044
48		41301		6036		2042
49		41298		6038		2042
50		41298		6038		2042
51		41298		6038		2042
52		41297		6039		2042
53		41297		6039		2042
54		41301		6040		2042
55		41297		6041		2042
56		41297		6042		2041
57		41280		6044		2042
58		41279		6045		2044
59		41302		6046		2044
60		41303		6048		2044
61		41303		6049		2045
62		41297		6054		2042
63		41297		6056		2042
64		41297		6057		2043
65		41297		6058		2042
66		41296		6061		2043
67		41296		6062		2044
68		41295		6064		2044
69		41295		6064		2044
70		41321		6067		2045
71		41318		6071		2043
72		41318		6071		2043
73		41317		6072		2043
74		41317		6072		2043
75		41317		6072		2043
76		41317		6072		2043
77		41317		6072		2043
78		41316		6073		2043
79		41316		6073		2043
80		41315		6074		2044
81		41315		6074		2044
82		41313		6075		2045
83		41313		6075		2045
84		41313		6075		2045
85		41313		6075		2045
86		41313		6075		2045
87		41313		6075		2045
88		41313		6075		2045
89		41313		6075		2045
90		41313		6075		2045
91		41313		6075		2045
92		41313		6075		2045
93		41313		6075		2045
94		41313		6075		2045
95		41313		6075		2045
96		41313		6075		2045
97		41313		6075		2045
98		41313		6075		2045
99		41304		6076		2044
100		41304		6076		2044
101		41304		6076		2044
102		41304		6076		2044
103		41304		6076		2044
104		41303		6077		2043
105		41303		6077		2043
106		41303		6077		2043
107		41303		6077		2043
108		41303		6077		2043
109		41300		6078		2043
110		41300		6079		2042
111		41299		6080		2042
112		41298		6081		2044
113		41298		6081		2044
114		41298		6081		2044
115		41298		6081		2044
116		41298		6081		2044
117		41298		6081		2044
118		41298		6081		2044
119		41298		6081		2044
120		41298		6081		2044
121		41298		6081		2044
122		41298		6081		2044
123		41296		6082		2045
124		41296		6082		2045
125		41296		6082		2045
126		41296		6082		2045
127		41296		6082		2045
128		41296		6082		2045
129		41296		6082		2045
130		41296		6082		2045
131		41295		6083		2043
132		41295		6083		2043
133		41294		6084		2044
134		41294		6084		2044
135		41294		6084		2044
136		41294		6084		2044
137		41294		6084		2044
138		41294		6084		2044
139		41294		6084		2044
140		41294		6084		2044
141		41294		6084		2044
142		41294		6084		2044
143		41294		6084		2044
144		41294		6084		2044
145		41294		6084		2044
146		41294		6084		2044
147		41294		6084		2044
148		41294		6084		2044
149		41294		6084		2044
150		41294		6084		2044
151		41294		6084		2044
152		41294		6084		2044
153		41294		6084		2044
154		41294		6084		2044
155		41294		6084		2044
156		41294		6084		2044
157		41294		6084		2044
158		41294		6084		2044
159		41294		6084		2044
160		41294		6084		2044
161		41294		6084		2044
162		41294		6084		2044
163		41294		6084		2044
164		41294		6084		2044
165		41294		6084		2044
166		41294		6084		2044
167		41294		6084		2044
168		41294		6084		2044
169		41294		6084		2044
170		41292		6085		2043
171		41292		6085		2043
172		41292		6085		2043
173		41292		6085		2043
174		41292		6085		2043
175		41292		6085		2043
176		41292		6085		2043
177		41292		6085		2043
178		41292		6085		2043
179		41292		6085		2043
180		41292		6085		2043
181		41292		6085		2043
182		41292		6085		2043
183		41292		6085		2043
184		41292		6085		2043
185		41292		6085		2043
186		41292		6085		2043
187		41292		6085		2043
188		41292		6085		2043
189		41292		6085		2043
190		41292		6085		2043
191		41292		6085		2043
192		41292		6085		2043
193		41292		6085		2043
194		41292		6085		2043
195		41292		6085		2043
196		41292		6085		2043
197		41292		6085		2043
198		41292		6085		2043
199		41292		6085		2043
200		41292		6085		2043
201		41292		6085		2043
202		41292		6085		2043
203		41292		6085		2043
204		41292		6085		2043
205		41292		6085		2043
206		41292		6085		2043
207		41292		6085		2043
208		41292		6085		2043
209		41292		6085		2043
210		41292		6085		2043
211		41292		6085		2043
212		41292		6085		2043
213		41292		6085		2043
214		41292		6085		2043
215		41292		6085		2043
216		41292		6085		2043
217		41292		6085		2043
218		41292		6085		2043
219		41292		6085		2043
220		41292		6085		2043
221		41292		6085		2043
222		41292		6085		2043
223		41292		6085		2043
224		41292		6085		2043
225		41292		6085		2043
226		41292		6085		2043
227		41292		6085		2043
228		41292		6085		2043
229		41292		6085		2043
230		41292		6085		2043
231		41292		6085		2043
232		41292		6085		2043
233		41292		6085		2043
234		41292		6085		2043
235		41292		6085		2043
236		41292		6085		2043
237		41292		6085		2043
238		41292		6085		2043
239		41292		6085		2043
240		41292		6085		2043
241		41292		6085		2043
242		41292		6085		2043
243		41292		6085		2043
244		41292		6085		2043
245		41292		6085		2043
246		41292		6085		2043
247		41292		6085		2043
248		41292		6085		2043
249		41292		6085		2043
250		41292		6085		2043
251		41292		6085		2043
252		41292		6085		2043
253		41292		6085		2043
254		41292		6085		2043
255		41292		6085		2043
256		41292		6085		2043
257		41292		6085		2043
258		41292		6085		2043
259		41292		6085		2043
260		41292		6085		2043
261		41292		6085		2043
262		41292		6085		2043
263		41292		6085		2043
264		41292		6085		2043
265		41292		6085		2043
266		41292		6085		2043
267		41292		6085		2043
268		41292		6085		2043
269		41292		6085		2043
270		41292		6085		2043
271		41292		6085		2043
272		41292		6085		2043
273		41292		6085		2043
274		41292		6085		2043
275		41292		6085		2043
276		41292		6085		2043
277		41292		6085		2043
278		41292		6085		2043
279		41292		6085		2043
280		41292		6085		2043
281		41292		6085		2043
282		41292		6085		2043
283		41292		6085		2043
284		41292		6085		2043
285		41292		6085		2043
286		41292		6085		2043
287		41292		6085		2043
288		41292		6085		2043
289		41292		6085		2043
290		41292		6085		2043
291		41292		6085		2043
292		41292		6085		2043
293		41292		6085		2043
294		41292		6085		2043
295		41292		6085		2043
296		41292		6085		2043
297		41292		6085		2043
298		41292		6085		2043
299		41292		6085		2043
300		41292		6085		2043
301		41292		6085		2043
302		41292		6085		2043
303		41292		6085		2043
304		41292		6085		2043
305		41292		6085		2043
306		41292		6085		2043
307		41292		6085		2043
308		41292		6085		2043
309		41292		6085		2043
310		41292		6085		2043
311		41292		6085		2043
312		41292		6085		2043
313		41292		6085		2043
314		41292		6085		2043
315		41292		6085		2043
316		41292		6085		2043
317		41292		6085		2043
318		41292		6085		2043
319		41292		6085		2043
320		41292		6085		2043
321		41292		6085		2043
322		41292		6085		2043
323		41292		6085		2043
324		41292		6085		2043
325		41292		6085		2043
326		41292		6085		2043
327		41292		6085		2043
328		41292		6085		2043
329		41292		6085		2043
330		41292		6085		2043
331		41292		6085		2043
332		41292		6085		2043
333		41292		6085		2043
334		41292		6085		2043
335		41292		6085		2043
336		41292		6085		2043
337		41292		6085		2043
338		41292		6085		2043
339		41292		6085		2043
340		41292		6085		2043
341		41292		6085		2043
342		41292		6085		2043
343		41292		6085		2043
344		41292		6085		2043
345		41292		6085		2043
346		41292		6085		2043
347		41292		6085		2043
348		41292		6085		2043
349		41292		6085		2043
350		41292		6085		2043
351		41292		6085		2043
352		41292		6085		2043
353		41292		6085		2043
354		41292		6085		2043
355		41292		6085		2043
356		41292		6085		2043
357		41292		6085		2043
358		41292		6085		2043
359		41292		6085		2043
360		41292		6085		2043
361		41292		6085		2043
362		41292		6085		2043
363		41292		6085		2043
364		41292		6085		2043
365		41292		6085		2043
366		41292		6085		2043
367		41292		6085		2043
368		41292		6085		2043
369		41292		6085		2043
370		41292		6085		2043
371		41292		6085		2043
372		41292		6085		2043
373		41292		6085		2043
374		41292		6085		2043
375		41292		6085		2043
376		41292		6085		2043
377		41292		6085		2043
378		41292		6085		2043
379		41292		6085		2043
380		41292		6085		2043
381		41292		6085		2043
382		41292		6085		2043
383		41292		6085		2043
384		41292		6085		2043
385		41292		6085		2043
386		41292		6085		2043
387		41292		6085		2043
388		41292		6085		2043
389		41292		6085		2043
390		41292		6085		2043
391		41292		6085		2043
392		41292		6085		2043
393		41292		6085		2043
394		41292		6085		2043
395		41292		6085		2043
396		41292		6085		2043
397		41292		6085		2043
398		41292		6085		2043
399		41292		6085		2043
400		41292		6085		2043
401		41292		6085		2043
402		41292		6085		2043
403		41292		6085		2043
404		41292		6085		2043
405		41321		6116		2037
406		41314		6129		2039
407		41311		6136		2038
408		41305		6145		2040
409		41304		6148		2041
410		41303		6151		2042
411		41302		6154		2041
412		41301		6155		2042
413		41301		6157		2042
414		41300		6160		2040
415		41298		6162		2040
416		41297		6163		2040
417		41297		6165		2040
418		41295		6168		2039
419		41294		6169		2039
420		41293		6170		2041
421		41293		6170		2041
422		41293		6170		2041
423		41293		6170		2041
424		41293		6170		2041
425		41293		6170		2041
426		41293		6170		2041
427		41293		6170		2041
428		41293		6170		2041
429		41293		6170		2041
430		41293		6170		2041
431		41293		6170		2041
432		41293		6170		2041
433		41293		6170		2041
434		41293		6170		2041
435		41293		6170		2041
436		41292		6171		2041
437		41291		6172		2041
438		41291		6172		2041
439		41291		6172		2041
440		41291		6172		2041
441		41291		6172		2041
442		41291		6172		2041
443		41291		6172		2041
444		41291		6172		2041
445		41291		6172		2041
446		41291		6172		2041
447		41291		6172		2041
448		41291		6172		2041
449		41291		6172		2041
450		41291		6172		2041
451		41291		6172		2041
452		41291		6172		2041
453		41291		6172		2041
454		41291		6172		2041
455		41291		6172		2041
456		41291		6172		2041
457		41291		6172		2041
458		41291		6172		2041
459		41291		6172		2041
460		41291		6172		2041
461		41291		6172		2041
462		41291		6172		2041
463		41291		6172		2041
464		41291		6172		2041
465		41291		6172		2041
466		41291		6172		2041
467		41291		6172		2041
468		41291		6172		2041
469		41288		6173		2042
470		41288		6173		2042
471		41288		6173		2042
472		41288		6173		2042
473		41288		6173		2042
474		41288		6173		2042
475		41288		6173		2042
476		41288		6173		2042
477		41288		6173		2042
478		41288		6173		2042
479		41288		6173		2042
480		41288		6173		2042
481		41288		6173		2042
482		41288		6173		2042
483		41288		6173		2042
484		41288		6173		2042
485		41288		6173		2042
486		41288		6173		2042
487		41288		6173		2042
488		41288		6173		2042
489		41288		6173		2042
490		41288		6173		2042
491		41288		6173		2042
492		41288		6173		2042
493		41288		6173		2042
494		41288		6173		2042
495		41288		6173		2042
496		41288		6173		2042
497		41288		6173		2042
498		41288		6173		2042
499		41288		6173		2042
500		41288		6173		2042
501		41288		6173		2042
502		41288		6173		2042
503		41288		6173		2042
504		41288		6173		2042
505		41288		6173		2042
506		41288		6173		2042
507		41288		6173		2042
508		41288		6173		2042
509		41288		6173		2042
510		41288		6173		2042
511		41288		6173		2042
512		41288		6173		2042
513		41288		6173		2042
514		41288		6173		2042
515		41288		6173		2042
516		41288		6173		2042
517		41288		6173		2042
518		41288		6173		2042
519		41288		6173		2042
520		41288		6173		2042
521		41288		6173		2042
522		41288		6173		2042
523		41288		6173		2042
524		41288		6173		2042
525		41288		6173		2042
526		41288		6173		2042
527		41288		6173		2042
528		41288		6173		2042
529		41288		6173		2042
530		41288		6173		2042
531		41288		6173		2042
532		41288		6173		2042
533		41288		6173		2042
534		41288		6173		2042
535		41288		6173		2042
536		41288		6173		2042
537		41288		6173		2042
538		41288		6173		2042
539		41288		6173		2042
540		41288		6173		2042
541		41288		6173		2042
542		41288		6173		2042
543		41288		6173		2042
544		41288		6173		2042
545		41288		6173		2042
546		41288		6173		2042
547		41288		6173		2042
548		41288		6173		2042
549		41288		6173		2042
550		41288		6173		2042
551		41288		6173		2042
552		41288		6173		2042
553		41288		6173		2042
554		41288		6173		2042
555		41288		6173		2042
556		41288		6173		2042
557		41288		6173		2042
558		41288		6173		2042
559		41288		6173		2042
560		41288		6173		2042
561		41288		6173		2042
562		41288		6173		2042
563		41288		6173		2042
564		41288		6173		2042
565		41288		6173		2042
566		41288		6173		2042
567		41288		6173		2042
568		41288		6173		2042
569		41288		6173		2042
570		41288		6173		2042
571		41288		6173		2042
572		41288		6173		2042
573		41288		6173		2042
574		41288		6173		2042
575		41288		6173		2042
576		41288		6173		2042
577		41288		6173		2042
578		41288		6173		2042
579		41288		6173		2042
580		41288		6173		2042
581		41288		6173		2042
582		41288		6173		2042
583		41288		6173		2042
584		41288		6173		2042
585		41288		6173		2042
586		41288		6173		2042
587		41288		6173		2042
588		41288		6173		2042
589		41288		6173		2042
590		41288		6173		2042
591		41288		6173		2042
592		41288		6173		2042
593		41288		6173		2042
594		41288		6173		2042
595		41288		6173		2042
596		41288		6173		2042
597		41288		6173		2042
598		41288		6173		2042
599		41288		6173		2042
600		41288		6173		2042
601		41288		6173		2042
602		41288		6173		2042
603		41288		6173		2042
604		41288		6173		2042
605		41288		6173		2042
606		41288		6173		2042
607		41288		6173		2042
608		41288		6173		2042
609		41288		6173		2042
610		41288		6173		2042
611		41288		6173		2042
612		41288		6173		2042
613		41288		6173		2042
614		41288		6173		2042
615		41288		6173		2042
616		41288		6173		2042
617		41288		6173		2042
618		41288		6173		2042
619		41288		6173		2042
620		41288		6173		2042
621		41288		6173		2042
622		41288		6173		2042
623		41288		6173		2042
624		41288		6173		2042
625		41288		6173		2042
626		41288		6173		2042
627		41288		6173		2042
628		41288		6173		2042
629		41288		6173		2042
630		41288		6173		2042
631		41288		6173		2042
632		41288		6173		2042
633		41288		6173		2042
634		41288		6173		2042
635		41288		6173		2042
636		41288		6173		2042
637		41288		6173		2042
638		41288		6173		2042
639		41288		6173		2042
640		41288		6173		2042
641		41288		6173		2042
642		41288		6173		2042
643		41288		6173		2042
644		41288		6173		2042
645		41288		6173		2042
646		41288		6173		2042
647		41288		6173		2042
648		41288		6173		2042
649		41288		6173		2042
650		41288		6173		2042
651		41288		6173		2042
652		41288		6173		2042
653		41288		6173		2042
654		41288		6173		2042
655		41288		6173		2042
656		41288		6173		2042
657		41288		6173		2042
658		41288		6173		2042
659		41288		6173		2042
660		41288		6173		2042
661		41288		6173		2042
662		41288		6173		2042
663		41288		6173		2042
664		41288		6173		2042
665		41288		6173		2042
666		41288		6173		2042
667		41288		6173		2042
668		41288		6173		2042
669		41288		6173		2042
670		41288		6173		2042
671		41288		6173		2042
672		41288		6173		2042
673		41288		6173		2042
674		41288		6173		2042
675		41288		6173		2042
676		41288		6173		2042
677		41288		6173		2042
678		41288		6173		2042
679		41288		6173		2042
680		41288		6173		2042
681		41288		6173		2042
682		41288		6173		2042
683		41288		6173		2042
684		41288		6173		2042
685		41288		6173		2042
686		41288		6173		2042
687		41288		6173		2042
688		41288		6173		2042
689		41288		6173		2042
690		41288		6173		2042
691		41288		6173		2042
692		41288		6173		2042
693		41288		6173		2042
694		41288		6173		2042
695		41288		6173		2042
696		41288		6173		2042
697		41288		6173		2042
698		41288		6173		2042
699		41288		6173		2042
700		41288		6173		2042
701		41288		6173		2042
702		41288		6173		2042
703		41288		6173		2042
704		41288		6173		2042
705		41288		6173		2042
706		41288		6173		2042
707		41288		6173		2042
708		41288		6173		2042
709		41288		6173		2042
710		41288		6173		2042
711		41288		6173		2042
712		41288		6173		2042
713		41288		6173		2042
714		41288		6173		2042
715		41288		6173		2042
716		41288		6173		2042
717		41288		6173		2042
718		41288		6173		2042
719		41288		6173		2042
720		41288		6173		2042
721		41288		6173		2042
722		41288		6173		2042
723		41288		6173		2042
724		41288		6173		2042
725		41288		6173		2042
726		41288		6173		2042
727		41288		6173		2042
728		41288		6173		2042
729		41288		6173		2042
730		41288		6173		2042
731		41288		6173		2042
732		41288		6173		2042
733		41288		6173		2042
734		41288		6173		2042
735		41288		6173		2042
736		41288		6173		2042
737		41288		6173		2042
738		41288		6173		2042
739		41288		6173		2042
740		41288		6173		2042
741		41288		6173		2042
742		41288		6173		2042
743		41288		6173		2042
744		41288		6173		2042
745		41288		6173		2042
746		41288		6173		2042
747		41288		6173		2042
748		41288		6173		2042
749		41288		6173		2042
750		41288		6173		2042
751		41288		6173		2042
752		41288		6173		2042
753		41288		6173		2042
754		41288		6173		2042
755		41288		6173		2042
756		41288		6173		2042
757		41288		6173		2042
758		41288		6173		2042
759		41288		6173		2042
760		41288		6173		2042
761		41288		6173		2042
762		41288		6173		2042
763		41288		6173		2042
764		41288		6173		2042
765		41288		6173		2042
766		41288		6173		2042
767		41288		6173		2042
768		41288		6173		2042
769		41288		6173		2042
770		41288		6173		2042
771		41288		6173		2042
772		41288		6173		2042
773		41288		6173		2042
774		41288		6173		2042
775		41288		6173		2042
776		41288		6173		2042
777		41288		6173		2042
778		41288		6173		2042
779		41288		6173		2042
780		41288		6173		2042
781		41288		6173		2042
782		41288		6173		2042
783		41288		6173		2042
784		41288		6173		2042
785		41288		6173		2042
786		41288		6173		2042
787		41288		6173		2042
788		41288		6173		2042
789		41288		6173		2042
790		41288		6173		2042
791		41288		6173		2042
792		41288		6173		2042
793		41288		6173		2042
794		41288		6173		2042
795		41288		6173		2042
796		41288		6173		2042
797		41288		6173		2042
798		41288		6173		2042
799		41288		6173		2042
800		41288		6173		2042
801		41288		6173		2042
802		41288		6173		2042
803		41288		6173		2042
804		41288		6173		2042
805		41288		6173		2042
806		41288		6173		2042
807		41288		6173		2042
808		41288		6173		2042
809		41310		6197		2045
810		41305		6204		2044
811		41295		6211		2045
812		41295		6211		2045
813		41296		6212		2047
814		41293		6215		2046
815		41292		6218		2048
816		41291		6219		2049
817		41290		6220		2047
818		41290		6220		2047
819		41290		6220		2047
820		41289		6221		2047
821		41289		6221		2047
822		41288		6222		2047
823		41288		6222		2047
824		41288		6222		2047
825		41288		6222		2047
826		41288		6222		2047
827		41288		6222		2047
828		41288		6222		2047
829		41288		6222		2047
830		41288		6222		2047
831		41288		6222		2047
832		41288		6222		2047
833		41287		6223		2045
834		41287		6223		2045
835		41287		6223		2045
836		41287		6223		2045
837		41287		6223		2045
838		41287		6223		2045
839		41287		6223		2045
840		41287		6223		2045
841		41287		6223		2045
842		41287		6223		2045
843		41287		6223		2045
844		41287		6223		2045
845		41287		6223		2045
846		41287		6223		2045
847		41287		6223		2045
848		41287		6223		2045
849		41287		6223		2045
850		41287		6223		2045
851		41287		6223		2045
852		41287		6223		2045
853		41287		6223		2045
854		41287		6223		2045
855		41287		6223		2045
856		41287		6223		2045
857		41287		6223		2045
858		41287		6223		2045
859		41287		6223		2045
860		41287		6223		2045
861		41286		6224		2047
862		41286		6224		2047
863		41286		6224		2047
864		41286		6224		2047
865		41286		6224		2047
866		41286		6224		2047
867		41286		6224		2047
868		41286		6224		2047
869		41286		6224		2047
870		41286		6224		2047
871		41286		6224		2047
872		41286		6224		2047
873		41286		6224		2047
874		41286		6224		2047
875		41286		6224		2047
876		41286		6224		2047
877		41286		6224		2047
878		41286		6224		2047
879		41286		6224		2047
880		41286		6224		2047
881		41286		6224		2047
882		41286		6224		2047
883		41286		6224		2047
884		41286		6224		2047
885		41286		6224		2047
886		41286		6224		2047
887		41286		6224		2047
888		41286		6224		2047
889		41286		6224		2047
890		41286		6224		2047
891		41286		6224		2047
892		41286		6224		2047
893		41286		6224		2047
894		41286		6224		2047
895		41286		6224		2047
896		41286		6224		2047
897		41286		6224		2047
898		41286		6224		2047
899		41286		6224		2047
900		41286		6224		2047
901		41286		6224		2047
902		41286		6224		2047
903		41286		6224		2047
904		41286		6224		2047
905		41286		6224		2047
906		41286		6224		2047
907		41286		6224		2047
908		41286		6224		2047
909		41286		6224		2047
910		41286		6224		2047
911		41286		6224		2047
912		41286		6224		2047
913		41286		6224		2047
914		41286		6224		2047
915		41286		6224		2047
916		41286		6224		2047
917		41286		6224		2047
918		41286		6224		2047
919		41286		6224		2047
920		41286		6224		2047
921		41286		6224		2047
922		41286		6224		2047
923		41286		6224		2047
924		41286		6224		2047
925		41286		6224		2047
926		41286		6224		2047
927		41286		6224		2047
928		41286		6224		2047
929		41286		6224		2047
930		41286		6224		2047
931		41286		6224		2047
932		41286		6224		2047
933		41286		6224		2047
934		41286		6224		2047
935		41286		6224		2047
936		41286		6224		2047
937		41286		6224		2047
938		41286		6224		2047
939		41286		6224		2047
940		41286		6224		2047
941		41286		6224		2047
942		41286		6224		2047
943		41286		6224		2047
944		41286		6224		2047
945		41286		6224		2047
946		41286		6224		2047
947		41286		6224		2047
948		41286		6224		2047
949		41286		6224		2047
950		41286		6224		2047
951		41286		6224		2047
952		41286		6224		2047
953		41286		6224		2047
954		41286		6224		2047
955		41286		6224		2047
956		41286		6224		2047
957		41286		6224		2047
958		41286		6224		2047
959		41286		6224		2047
960		41286		6224		2047
961		41286		6224		2047
962		41286		6224		2047
963		41286		6224		2047
964		41286		6224		2047
965		41286		6224		2047
966		41286		6224		2047
967		41286		6224		2047
968		41286		6224		2047
969		41286		6224		2047
970		41286		6224		2047
971		41285		6225		2047
972		41285		6225		2047
973		41285		6225		2047
974		41285		6225		2047
975		41285		6225		2047
976		41285		6225		2047
977		41285		6225		2047
978		41285		6225		2047
979		41285		6225		2047
980		41285		6225		2047
981		41285		6225		2047
982		41285		6225		2047
983		41285		6225		2047
984		41285		6225		2047
985		41285		6225		2047
986		41285		6225		2047
987		41285		6225		2047
988		41285		6225		2047
989		41285		6225		2047
990		41285		6225		2047
991		41285		6225		2047
992		41285		6225		2047
993		41285		6225		2047
994		41285		6225		2047
995		41285		6225		2047
996		41285		6225		2047
997		41285		6225		2047
998		41285		6225		2047
999		41285		6225		2047
